1 11.3051
2 8.53871
3 8.53871
4 8.53871
5 8.53871
6 8.53871
7 8.53871
8 8.53871
9 8.53871
10 8.53871
11 8.53871
12 8.33224
13 8.24043
14 8.24043
15 8.24043
16 8.24043
17 8.24043
18 8.24043
19 8.19112
20 6.21515
21 6.21515
22 6.06674
23 5.47609
24 4.92813
25 4.30261
26 4.22284
27 3.94666
28 3.94658
29 3.75655
30 3.63284
31 3.38785
32 3.05675
33 2.89758
34 2.58717
35 2.56075
36 2.55078
37 2.50803
38 2.50537
39 2.50537
40 2.50537
41 2.50276
42 2.50276
43 2.50276
44 2.48875
45 2.47493
46 2.47493
47 2.47493
48 2.47493
49 2.09209
50 2.08372
51 2.08372
52 2.00352
53 2.00352
54 1.97621
55 1.97621
56 1.78836
57 1.78221
58 1.7617
59 1.69847
60 1.57079
61 1.57079
62 1.57079
63 1.57079
64 1.53008
65 1.53008
66 1.50542
67 1.50542
68 1.39888
69 1.39888
70 1.39177
71 1.39177
72 1.39177
73 1.37828
74 1.29892
75 1.29892
76 1.29892
77 1.29892
78 1.29892
79 1.28528
80 1.08148
81 0.995407
82 0.994492
83 0.994492
84 0.994492
85 0.994492
86 0.994492
87 0.994492
88 0.994492
89 0.972656
90 0.972656
91 0.972656
92 0.972656
93 0.972656
94 0.965698
95 0.942856
96 0.942856
97 0.846512
98 0.846512
99 0.846512
100 0.846512
101 0.845139
102 0.821747
103 0.821732
104 0.563019
105 0.494034
106 0.469498
107 0.236023
108 0.236023
109 0.236023
110 0.236023
111 0.236023
112 0.132782
113 0.0856781
114 0.058075
115 0.0580444
116 0.0406036
117 0.0406036
118 0.241562
119 0.555664
120 0.592865

