1 8.41502
2 4.02754
3 2.54443
4 1.88312
5 1.99464
6 1.5094
7 1.31732
8 0.428055
9 0.40918
10 0.451157
11 0.846832
12 1.10196
13 0.850159
14 1.29797
15 0.283691
16 0.57663
17 1.15285
18 0.111237
19 0.375656
20 0.298843
21 1.27599
22 0.0177612
23 0.0513611
24 0.0261993
25 0.866776
26 0.61145
27 0.494827
28 0.589203
29 0.0632629
30 0.180237
31 0.436935
32 0.240585
33 0.752594
34 0.801346
35 0.385345
36 0.792343
37 0.231354
38 0.642548
39 0.598068
40 0.217911
41 0.0216827
42 0.431396
43 0.581848
44 0.751587
45 0.710175
46 0.0180664
47 0.0538177
48 0.480392
49 0.319336
50 0.0529633
51 0.141998
52 0.396057
53 0.151611
54 0.425369
55 0.123611
56 0.0638275
57 0.00582886
58 0.411484
59 0.955231
60 0.532913
61 0.420135
62 1.19652
63 0.314011
64 0.74324
65 0.692078
66 0.373734
67 0.255783
68 0.0446625
69 0.0514069
70 0.146057
71 0.203201
72 0.452347
73 0.191299
74 0.159668
75 0.281387
76 0.0543213
77 0.25058
78 0.248383
79 0.0552979
80 0.510742
81 0.0771637
82 0.0411835
83 0.826904
84 0.267639
85 0.784103
86 0.50148
87 0.856583
88 1.4882
89 0.159851
90 0.423401
91 0.554642
92 0.24826
93 0.0254364
94 0.964035
95 0.232132
96 0.394821
97 0.497757
98 0.526138
99 0.0497894
100 0.176819
101 1.17049
102 0.447311
103 0.38414
104 0.88504
105 0.583542
106 0.730835
107 0.713226
108 0.664673
109 0.0850372
110 0.0405426
111 0.0761414
112 0.045929
113 0.195877
114 0.0537262
115 0.0209351
116 0.918533
117 0.0352631
118 0.33696
119 0.170044
120 0.0572968
